ClusterName	cell2type	Groups	N_ct1	N_all	quant	zscore	mean_ct1	d_mean	d_sd	d_0.01	d_0.05	d_0.25	d_0.5	d_0.75	d_0.95	d_0.99
Bcell	Bcell	1	588	8511	0	-9.93768725436433	19.6901127427655	28.9887610602337	0.935695406734045	27.0427469500251	27.4746216533345	28.3040707167415	28.9715289981173	29.5916103644003	30.4882901381075	31.3903374457029
Bcell	Bcell	2	615	8999	1	-2.77911167020596	21.0051037768576	22.7242946478652	0.61861165545758	21.4145297940245	21.704025458906	22.3043953732655	22.7229038478389	23.1329116971538	23.7288380054455	24.2530244790392
CD4T	Bcell	1	1056	8511	0	-6.64292249960993	24.036750938581	28.9172270306983	0.734688097355323	27.3124023075722	27.6697095056632	28.4298226393237	28.9265775416206	29.379013256847	30.1415131384504	30.6150100080716
CD4T	Bcell	2	1491	8999	0	-5.97327717748418	20.5860185950502	22.9942078412611	0.403160471991548	22.1000772090317	22.3399482773554	22.7210498687939	22.9782007831357	23.27290242062	23.6658947271354	23.8504039836162
CD8T	Bcell	1	1157	8511	0	-9.74185353575565	22.4687707042905	29.2531440408286	0.696415041720475	27.7484106431541	28.1183445196619	28.783287075892	29.2137669482245	29.7238854356789	30.4230988555122	30.912224770835
CD8T	Bcell	2	1011	8999	0	-7.58562443969458	19.2051832119453	23.0380945393372	0.505286197314863	21.9053696877554	22.2489725487329	22.6959272448595	23.0420737981043	23.3574380227284	23.8857947574578	24.2163811726328
Macrophage	Bcell	1	814	8511	0	-4.50252897889141	24.9161573328585	28.7072513241731	0.841992135772563	26.8347474295168	27.368492120618	28.0915995432296	28.6864688468124	29.3022049851299	30.0928437159282	30.627204813606
Macrophage	Bcell	2	1072	8999	0	-5.88336601702571	20.0862025484695	22.9685325057498	0.489911718723459	21.7586813886994	22.1710169493197	22.6272263661792	22.9662365986959	23.3058966360087	23.7796054028023	24.1177299252386
Stroma	Bcell	1	747	8511	0	-6.13045037359447	23.5748828270415	28.808478960964	0.853704999630206	26.965805634934	27.4672766951754	28.2255144490065	28.7758264310584	29.3562723958776	30.3072385079505	30.797001302112
Stroma	Bcell	2	871	8999	0	-5.59002610601551	19.9000403221816	22.9282556851936	0.541717570827314	21.6530225084455	22.0721011270142	22.5563335943627	22.9108813043579	23.290497073637	23.8037819222539	24.2550793552281
Treg	Bcell	1	773	8511	0	-5.91260925366029	23.7362412636264	28.801555623232	0.856696957687487	26.7406182640494	27.4473902493209	28.2095397910742	28.7892864751049	29.3743296022429	30.2374270821024	30.7711411281089
Treg	Bcell	2	1000	8999	0	-4.63873891449443	20.5773083564544	22.8738370037673	0.495076073399393	21.7601036181252	22.0819327417068	22.5277257028831	22.8758210112209	23.200355568917	23.6614120207281	23.9990876671789
Tumor	Bcell	1	3376	8511	1000	46.3025946099863	36.1330893084007	23.2080421281274	0.279143043476136	22.5794972939563	22.7387769529467	23.0242749280449	23.2053825791793	23.3895573818784	23.6658681290269	23.8607569124004
Tumor	Bcell	2	2939	8999	1000	32.4496566717138	27.5947522931867	20.2230789635015	0.227172614005222	19.7274368327795	19.860654754416	20.06611688919	20.2090877759295	20.3802383498252	20.5929086823158	20.7968289294889
Bcell	CD4T	1	588	8511	987	2.04704640913082	20.0235420115119	18.9369855602673	0.530792290002823	17.7565027349318	18.0657720052154	18.5584906657437	18.9305033624276	19.30891709189	19.8213481523675	20.0564377017098
Bcell	CD4T	2	615	8999	0	-4.47534714806442	14.1802169734057	16.7158379921101	0.566575269987956	15.5004822025853	15.8012536566056	16.3172979480469	16.7112229128266	17.1104457855229	17.6668512914782	18.0972034012442
CD4T	CD4T	1	1056	8511	0	-9.82625401212724	15.4266945321806	19.5061551380972	0.415159286629666	18.6120405821352	18.8655511859543	19.2063011112746	19.5028667400664	19.7940035742098	20.2004614203106	20.4408832597896
CD4T	CD4T	2	1491	8999	0	-11.5868196727473	13.1513531426559	17.1974955160436	0.349202152761943	16.3783232062647	16.6443232015194	16.9607753151451	17.1817961975948	17.4393112929615	17.7814251467192	18.0087787747136
CD8T	CD4T	1	1157	8511	0	-11.8316146518978	14.9494858737447	19.6367732415326	0.396166331113237	18.7349415737515	18.97993105559	19.3491172649779	19.6494160666116	19.9111184007683	20.249115339578	20.5151539894007
CD8T	CD4T	2	1011	8999	0	-7.20174139979281	13.7040556932143	16.8725540968632	0.439962812846904	15.9042030475782	16.1566334465629	16.5785755164911	16.8659172101033	17.1714026043437	17.6284298197001	17.8892957447675
Macrophage	CD4T	1	814	8511	501	0.0142889478580085	19.0139982220297	19.0076022581734	0.447616152003035	17.9743740850488	18.2800424178402	18.6993726843416	19.0132183073722	19.3040161191208	19.7534365190981	20.0648762167085
Macrophage	CD4T	2	1072	8999	0	-7.84410744520221	13.6652670471283	16.9158233498697	0.414394668284346	16.044430775664	16.246878476841	16.6316393720999	16.9125940978761	17.1909674300414	17.6158936629887	17.9352693109536
Stroma	CD4T	1	747	8511	0	-3.94798297260447	17.1836136142402	19.1835195847981	0.506563980755609	18.0796434019543	18.3710801816493	18.8262944946824	19.1754983552616	19.5149120419349	20.0566260058809	20.4151410221454
Stroma	CD4T	2	871	8999	0	-7.65281839702942	13.3329545066717	16.8702963103191	0.462227328564404	15.8401909976081	16.1355783519024	16.5639936012435	16.8592513714721	17.1684454844251	17.6431764473068	17.9326443284904
Treg	CD4T	1	773	8511	0	-4.36867606865581	17.0835032231193	19.1956431736717	0.483473692569376	18.1227666840354	18.4081082816067	18.8687840452836	19.1894656214992	19.527919100892	20.0059544742393	20.4077332896099
Treg	CD4T	2	1000	8999	0	-8.7679630493063	13.1871785069845	16.9501724826507	0.429175391650841	15.9150290650906	16.2411580416999	16.6711210360667	16.9419865160201	17.2489105262657	17.6607031538248	17.9234214901126
Tumor	CD4T	1	3376	8511	1000	28.1799872394914	22.189653597751	16.9244917918632	0.186840460967604	16.5138732284111	16.6308774573807	16.7995164750809	16.9199639889988	17.0449656703712	17.2379281692929	17.3604481779031
Tumor	CD4T	2	2939	8999	1000	57.5635224333566	22.8588809998902	13.473826557445	0.163038223613062	13.0855457143006	13.1930381449204	13.3664233470957	13.474609180599	13.5870588851742	13.728397928835	13.8638412998449
Bcell	CD8T	1	588	8511	119	-1.17011407681371	18.6134867965106	19.2935608706793	0.581203224236581	18.0079912743647	18.3381759198849	18.9162234742301	19.2753421461831	19.6536405817943	20.2527413840147	20.7172894466953
Bcell	CD8T	2	615	8999	0	-5.2670068633834	15.8635528010726	19.0764757307558	0.610009254405899	17.7363658048365	18.1081370462249	18.6642200492628	19.0402112217311	19.4604805346583	20.1590981266741	20.5174896762224
CD4T	CD8T	1	1056	8511	0	-9.62287902772109	15.5390384408263	19.7628040123063	0.438929509485921	18.7347014721777	19.0656051061409	19.4751820744842	19.7454244524077	20.0580943434241	20.5146837547817	20.7774412865195
CD4T	CD8T	2	1491	8999	0	-8.40267183829273	16.1603410524272	19.3876083766862	0.384076325526801	18.5684720241947	18.7777616958608	19.126673669153	19.3744726384528	19.6437515116044	20.0077321293131	20.2826083374764
CD8T	CD8T	1	1157	8511	0	-12.8122226613853	14.5296768080137	19.9875192800575	0.425987169930565	19.0469381067401	19.3300665714825	19.6873328920292	19.9907744475423	20.2620802108402	20.6828076767999	21.0557100277369
CD8T	CD8T	2	1011	8999	0	-7.03765977127508	15.7679574077562	19.2577457908259	0.495873414812358	18.1618326867831	18.4644227896548	18.8845508040677	19.2557664316802	19.5799680887251	20.1166667728231	20.4897281680277
Macrophage	CD8T	1	814	8511	1000	7.57685675761179	22.4057282806974	18.9417341087733	0.457180897401039	17.9014847460381	18.1566348632174	18.6619434989452	18.9348157573755	19.2306326440805	19.6927981082507	20.0520463905474
Macrophage	CD8T	2	1072	8999	0	-7.67670320955831	15.6872413351135	19.2676899295584	0.466404457317934	18.1936465720446	18.4761250060662	18.9660094968383	19.2408249686632	19.592245391505	20.0038219158255	20.3882755308563
Stroma	CD8T	1	747	8511	0	-4.70802412406276	17.0693511018344	19.459430887866	0.507660904670372	18.3788335675831	18.6242904253779	19.0959550880874	19.4627525428689	19.8141559550898	20.3136332974315	20.7169322415141
Stroma	CD8T	2	871	8999	0	-6.94130733202369	15.7802193721838	19.1987326941058	0.492488397128117	18.1442106870678	18.3929337833095	18.8734395535269	19.186225622747	19.5188896989675	20.0294412762301	20.4157313750209
Treg	CD8T	1	773	8511	433	-0.160854932000417	19.1754569477999	19.2522157340108	0.477192618568683	18.1818316321657	18.4693732346691	18.9248096473671	19.2486250908937	19.5735234417708	20.0157185907425	20.3154165011202
Treg	CD8T	2	1000	8999	0	-6.82218637124141	16.0274752441864	19.2263301537891	0.468889991497055	18.1434883286522	18.4607839765107	18.920214658955	19.2068924684172	19.5453334491863	19.9880594322141	20.3448063822624
Tumor	CD8T	1	3376	8511	1000	18.9884541594385	21.8630604093727	17.5248505460593	0.228465667973139	16.9500715553969	17.1720387805771	17.370991667831	17.5199754953042	17.6758240781124	17.912836905999	18.0698064685836
Tumor	CD8T	2	2939	8999	1000	44.8781203919366	24.9380935337793	15.8970330685051	0.201458091076795	15.4257748912233	15.5685897569368	15.7563984802031	15.8949623642792	16.0286346285205	16.2302366426015	16.3475496637969
Bcell	Macrophage	1	588	8511	0	-3.78222066391015	19.4608873229335	21.6937593160344	0.590360053395864	20.3182652008252	20.7044801340098	21.3266205507817	21.6678310465137	22.0973605776733	22.665420479922	23.0413345941826
Bcell	Macrophage	2	615	8999	0	-3.28616628691726	17.4816985513343	19.7321792244584	0.684834690832152	18.2809290473076	18.6627299656647	19.2629713344443	19.686587404308	20.2043533726348	20.9019732969208	21.3512646106357
CD4T	Macrophage	1	1056	8511	0	-7.29938581550027	18.7772428046234	21.9155668292997	0.429943573884276	20.9126266422806	21.2407931186759	21.6135570744091	21.9069397378387	22.2059445273468	22.6366836233647	22.9471203894815
CD4T	Macrophage	2	1491	8999	0	-10.4909514898121	15.5434710216472	20.3825436104554	0.46126155416003	19.3812358393308	19.6307062066439	20.0676494394222	20.3768676930281	20.7070205940657	21.1532815990338	21.4230154543387
CD8T	Macrophage	1	1157	8511	0	-6.26804970148124	19.2230344915061	21.8793363500483	0.423784428179384	20.9812900793195	21.1941236694737	21.5843997523321	21.8634561863314	22.1556909911484	22.5659138450173	22.9957544543762
CD8T	Macrophage	2	1011	8999	0	-8.3056885166421	15.6910421590952	20.0537237774047	0.525264294413164	18.8211445782298	19.144527723117	19.729614773446	20.0508990708759	20.3968043610703	20.8830371362308	21.3320243099925
Macrophage	Macrophage	1	814	8511	0	-11.7163306116389	16.2791808407193	22.1048842779524	0.497229348533907	21.0130521448085	21.2628327435361	21.769372332946	22.1020601857933	22.4484632506768	22.9052048068123	23.2698019898483
Macrophage	Macrophage	2	1072	8999	0	-8.61017558063981	15.7542804372008	20.0897048846472	0.503523349418645	18.9864723933943	19.3067349091475	19.7392759331822	20.0636606709735	20.4318170202418	20.9628033495097	21.2005735379702
Stroma	Macrophage	1	747	8511	0	-5.44301710864436	18.9641999833931	21.7694277238762	0.515381025723386	20.61656918795	20.9296670110117	21.3974345553617	21.7770463042065	22.1160231945099	22.6238105388445	22.9756931117091
Stroma	Macrophage	2	871	8999	0	-7.00101797685245	15.8592208781166	19.9597922652706	0.585710735311891	18.7064039393834	19.010026556648	19.5342364874518	19.9669729035231	20.3524104593572	20.9300848357385	21.2790486388257
Treg	Macrophage	1	773	8511	0	-4.17883752540033	19.5710951341698	21.7070788183479	0.511143032289468	20.5411033693698	20.8876899266631	21.3729728158492	21.6877276276513	22.0439383147947	22.5829511769687	22.9114210613098
Treg	Macrophage	2	1000	8999	0	-5.75565458760204	16.78991062492	19.9247932987628	0.544661363208882	18.6075777564859	19.0641407777638	19.5597760700004	19.9063196146238	20.3058073280663	20.785570917297	21.2383694845777
Tumor	Macrophage	1	3376	8511	1000	39.8422933895553	25.7838946741652	18.7049800640749	0.177673371883407	18.2988309568437	18.410249542192	18.5806052866674	18.7085440968498	18.8209675569611	19.0006214204638	19.0933629826994
Tumor	Macrophage	2	2939	8999	1000	48.80993841904	26.8543492728844	16.0596676345161	0.221157452519086	15.5867712393601	15.7074601283785	15.916176019253	16.0535421950129	16.2066496540105	16.4245406260132	16.586039754936
Bcell	Stroma	1	588	8511	0	-7.44915495015455	18.4969786133482	23.2489629229984	0.637922602153907	21.7594241598666	22.228251997475	22.8145192175118	23.2442424774768	23.6938766781321	24.3287820501351	24.6805568862979
Bcell	Stroma	2	615	8999	0	-5.22458499653016	16.909720088682	19.9233911136613	0.576824958725093	18.6153892791016	18.9826760694072	19.5415903323565	19.9291059366907	20.3093748715229	20.8741923610543	21.2648429701552
CD4T	Stroma	1	1056	8511	0	-8.36321392141517	19.3200696512755	23.4404782866147	0.492682439317766	22.3438345529137	22.6536275277978	23.1189639985097	23.4306565928008	23.7798593371453	24.2528387338455	24.6799459868426
CD4T	Stroma	2	1491	8999	0	-8.38831337227848	17.1515269270551	20.2480791470779	0.369150755652053	19.3915885273022	19.6467118070166	19.9972142639954	20.2480046305803	20.498854532941	20.8616802289904	21.1436877008045
CD8T	Stroma	1	1157	8511	0	-8.18769868317301	19.5635125692772	23.4434111057584	0.473869238062583	22.3405586551067	22.6457532031405	23.1215153049161	23.4622773660109	23.7553449246606	24.216650649243	24.5781087894448
CD8T	Stroma	2	1011	8999	0	-7.2326972224053	16.7213646683737	20.0974616125308	0.466782562623887	18.9852341356902	19.3484232796001	19.7815073048414	20.0892589970649	20.4195515735056	20.8576092935382	21.1611687658626
Macrophage	Stroma	1	814	8511	186	-0.900916430423621	22.5031795342913	22.9895906075518	0.539906984526575	21.7566150414028	22.1026610533561	22.6214241112275	22.9899786401637	23.3581077197137	23.8597666829861	24.3245043873738
Macrophage	Stroma	2	1072	8999	0	-6.32833074948997	17.2202349896057	20.0761362002777	0.45128823440559	19.1103467605022	19.3223410495334	19.7804755315174	20.0732913603279	20.3661355921727	20.8361996663874	21.1572955933577
Stroma	Stroma	1	747	8511	0	-10.6906958472939	17.1568909731491	23.4510003265074	0.588746461714323	22.1203876673212	22.5463038515018	23.0274705532642	23.4485950467221	23.8567713837582	24.4180393119021	24.7677344309566
Stroma	Stroma	2	871	8999	0	-4.10521856554951	17.8694694132605	19.9439719979971	0.505333041739991	18.8361679524935	19.1465927781371	19.5849752018622	19.9308512897163	20.2857168848563	20.7821119882518	21.1269102323845
Treg	Stroma	1	773	8511	0	-6.94614242630679	19.3637317651861	23.298496107593	0.566467558670401	21.9240118782045	22.3874093985303	22.9154674170294	23.3170577802256	23.665899518299	24.2235209114867	24.5639412674533
Treg	Stroma	2	1000	8999	0	-6.14373435617711	17.1930559548654	20.0663851675844	0.467684480828847	19.0127610273637	19.287870136682	19.7572409912086	20.0467454358674	20.407169063553	20.8147449384452	21.1249396794087
Tumor	Stroma	1	3376	8511	1000	42.4799787951256	28.1706495659199	19.4712791725897	0.204787540862153	19.0078083598089	19.136978002207	19.3308821856334	19.479887283543	19.6118650094625	19.799533567549	19.9395420257459
Tumor	Stroma	2	2939	8999	1000	38.1286702451529	25.0148683142618	17.1809818668781	0.205459209487633	16.7290694393171	16.8421290922478	17.0415148101569	17.1820550455499	17.3196935856621	17.515995764389	17.6559475427226
Bcell	Treg	1	588	8511	1	-3.40733517664806	22.6777352895158	25.4596598540083	0.816451690329212	23.6138238663354	24.1872336332512	24.9014989758011	25.4373889464779	26.0014617830158	26.855553886611	27.4506050038919
Bcell	Treg	2	615	8999	1	-3.31362429389585	16.8063156973424	18.6205448267325	0.54750598392585	17.3406506551507	17.7380270705273	18.2570570949551	18.6137782533216	18.9854377355434	19.4766596895498	19.8748602090836
CD4T	Treg	1	1056	8511	0	-6.84896109558447	21.5322790424752	25.7769894806598	0.619759753186682	24.3352677999173	24.7560289300284	25.3496849942247	25.7664371008592	26.2150077081977	26.7871173382843	27.2133691061894
CD4T	Treg	2	1491	8999	0	-8.9514423898806	15.8178690361806	19.0180157623343	0.357500678300895	18.2239092238784	18.429640309126	18.7697935606627	19.020685760302	19.2572385492304	19.5817443506064	19.8619956845964
CD8T	Treg	1	1157	8511	0	-5.80981866627992	22.2210718249868	25.7303473710007	0.604024970070358	24.4211680655304	24.7594132998087	25.3147045177273	25.7317823641401	26.1467094558888	26.6843512646195	27.2340474930462
CD8T	Treg	2	1011	8999	0	-5.81859208319686	16.3633724087876	18.7372618170039	0.407983473368346	17.8517959839597	18.0791747484685	18.4491588622326	18.7324013445654	19.0027199223211	19.4101904884042	19.7141047507355
Macrophage	Treg	1	814	8511	2	-2.7845438944857	23.3833192424757	25.4132575243713	0.729002076755005	23.7551537116016	24.2124008548814	24.9098106697311	25.3862886807252	25.8901089708315	26.5858436547782	27.1847600350034
Macrophage	Treg	2	1072	8999	0	-4.90707666556545	16.7331404686242	18.7235713565221	0.405624575190644	17.785597621577	18.0540264986333	18.4532587444955	18.7234500766943	19.0032465544688	19.3892786798315	19.6397794719721
Stroma	Treg	1	747	8511	0	-3.51778338153862	22.8478700990363	25.457326813537	0.741790051142779	23.801757226077	24.2769446821418	24.9252132198683	25.4660412024139	25.9273913071491	26.699513935364	27.2926866044619
Stroma	Treg	2	871	8999	0	-5.86297353219304	16.1250333290631	18.753919616181	0.448387882476863	17.7482544171831	18.0596010115961	18.4477887175173	18.7506800283735	19.0453842098369	19.5145628407091	19.8056855909097
Treg	Treg	1	773	8511	0	-12.7378637438885	16.9376880337543	26.0842944832268	0.718064397090208	24.4481500733024	24.9579858915518	25.5707200761896	26.069191960867	26.5666360561212	27.2726827443245	27.8052010262419
Treg	Treg	2	1000	8999	0	-6.83356764738541	15.8827987896479	18.8105335268366	0.428434294977514	17.8393125934957	18.0949184790483	18.5311147068894	18.8021068589498	19.1031388053606	19.5293873457302	19.8320371791997
Tumor	Treg	1	3376	8511	1000	35.3138045882361	30.806885658428	21.6091465015424	0.260457327216155	21.0365881517712	21.2028875395528	21.4278854858557	21.5973265478828	21.7898284177637	22.0366138311393	22.2639705618023
Tumor	Treg	2	2939	8999	1000	36.5339267412389	23.157618182089	16.2220849763982	0.18983815385665	15.8056681684151	15.9288879682749	16.0957720692503	16.2195476036547	16.3480268046418	16.5258080485231	16.6762834560672
Bcell	Tumor	1	588	8511	1000	5.56630070445913	12.8657345543702	11.2990479050281	0.281459219062149	10.661276795141	10.8556066374997	11.1110380932905	11.2921276612749	11.4704297665722	11.7795213732133	12.0005217587776
Bcell	Tumor	2	615	8999	649	0.328829997808103	11.2830255119561	11.1984402876863	0.257230863466332	10.6249781675683	10.7740548508522	11.0347884241692	11.1990385811588	11.3588703862182	11.6330054958955	11.844394464146
CD4T	Tumor	1	1056	8511	988	2.41786260709023	11.8511537326428	11.3382140463582	0.212145919615299	10.8672865010204	11.0065787067876	11.1903750190422	11.336783449632	11.4723048294682	11.6978602442172	11.8523064779787
CD4T	Tumor	2	1491	8999	1000	4.723030597139	11.8432221675113	11.0900090896493	0.159476645846459	10.743339621069	10.832012174082	10.9806595479811	11.0837241421405	11.1928925283464	11.3723640452014	11.4735718731452
CD8T	Tumor	1	1157	8511	1000	7.69708867312312	12.7097000468786	11.1938058538343	0.196943839082628	10.7521081535647	10.8746129891504	11.0639451324547	11.1948532901863	11.3219690137761	11.5242252453151	11.6612207898163
CD8T	Tumor	2	1011	8999	506	0.0308384707341899	11.2323096832298	11.2260913465878	0.201642185683561	10.7856023145869	10.9086721673063	11.0888444909455	11.2291867524761	11.3569933014914	11.5590409929001	11.7175282977414
Macrophage	Tumor	1	814	8511	1000	11.1667555874121	13.7337262362854	11.1569989835903	0.230749856798134	10.677715617346	10.7749637707352	11.0091849093126	11.1534123069617	11.3131538457604	11.5426881157506	11.6879325928742
Macrophage	Tumor	2	1072	8999	1000	4.21887422045086	11.9554446940895	11.1139219642012	0.199466181240736	10.700403305763	10.7973930441118	10.9748360693813	11.1028683537935	11.2395669193829	11.4587593538393	11.6289078868048
Stroma	Tumor	1	747	8511	1000	7.98028564326031	13.1905025859653	11.2244614008853	0.246362257313478	10.7171648341019	10.8270222525296	11.0506542938548	11.2256274478404	11.3799538900011	11.6296803519599	11.8455242780391
Stroma	Tumor	2	871	8999	1000	4.40672124224769	12.0382974586157	11.1285273186486	0.206450576279951	10.6955788821663	10.80809150792	10.9803948100215	11.1267051536541	11.2657572194819	11.4857863465066	11.6632954203368
Treg	Tumor	1	773	8511	966	1.93232379816876	11.825441903028	11.3554286983788	0.243237290300198	10.7878087421124	10.962525024259	11.1970620890401	11.3465911315323	11.5084203491244	11.7647665648049	11.947952897255
Treg	Tumor	2	1000	8999	1000	3.57045420650706	11.8638467940973	11.144237263291	0.201545654750259	10.7256513275175	10.8437458826755	11.0005601568417	11.131464837581	11.274820937509	11.5046309267791	11.6663618534024
Tumor	Tumor	1	3376	8511	0	-24.8432595940037	9.50764086578756	12.6566956754928	0.126756909566946	12.3750106312228	12.4432801966124	12.5716319622387	12.6597258031286	12.7403833136702	12.8683953866022	12.9523029026239
Tumor	Tumor	2	2939	8999	0	-12.7059796226023	10.1487897869786	11.7359847303576	0.124917164242539	11.4630562003555	11.5356862055919	11.6473414268246	11.7347889480521	11.8180716299069	11.9425977434719	12.0384263565574
